{
 "cells": [
  {
   "cell_type": "markdown",
   "metadata": {},
   "source": [
    "Лабораторна робота №2\n",
    "Варіант 7"
   ]
  },
  {
   "cell_type": "code",
   "execution_count": 14,
   "metadata": {},
   "outputs": [],
   "source": [
    "import os \n",
    "import time\n",
    "from PIL import Image\n",
    "import random \n",
    "import pandas as pd\n",
    "import seaborn as sns\n",
    "import cv2\n",
    "import fbpca\n",
    "from bisect import bisect_left\n",
    "import networkx as nx\n",
    "\n",
    "import numpy  as np\n",
    "from numpy.linalg import matrix_power\n",
    "\n",
    "import matplotlib.pyplot as plt\n",
    "import matplotlib.pylab as plt\n",
    "from matplotlib import image as img\n",
    "\n",
    "import scipy\n",
    "from scipy import stats\n",
    "from scipy.stats import iqr\n",
    "from scipy.stats import skew,kurtosis\n",
    "from scipy.stats import multivariate_normal as normal\n",
    "\n",
    "from sklearn.preprocessing import MinMaxScaler\n",
    "from sklearn.decomposition import PCA\n",
    "from sklearn.preprocessing import normalize"
   ]
  },
  {
   "cell_type": "code",
   "execution_count": 5,
   "metadata": {},
   "outputs": [],
   "source": [
    "path = '.../users/downloads/mirflickr/im'\n",
    "folder = os.path.join(os.getcwd(), 'mirflickr/')\n",
    "images_sample = []\n",
    "for i in random.sample(range(7,25001),250):\n",
    "    images_sample.append(path + str(i) + '.jpg')\n",
    "columns = ['num',\n",
    "           'channel',\n",
    "           'matspod',\n",
    "           'disp',\n",
    "           'skew',\n",
    "           'kurt',\n",
    "           'intens',\n",
    "           'data']"
   ]
  },
  {
   "cell_type": "markdown",
   "metadata": {},
   "source": [
    "1. Сформувати тестову вибірку зображень з вихідного пакета;\n",
    "2. Для кожного каналу кольору кожного зображення з тестового пакета обчислити наступні характеристики: a. Математичне сподівання і дисперсію; b. Коефіцієнти асиметрії та ексцесу (нормалізований);"
   ]
  },
  {
   "cell_type": "code",
   "execution_count": 33,
   "metadata": {},
   "outputs": [],
   "source": [
    "def do_open(file):  \n",
    "    im = Image.open(file)\n",
    "    return np.array(im)\n",
    "\n",
    "def get_sample():\n",
    "    t = time.time() \n",
    "    np_arrays = map(do_open, images_sample)\n",
    "    array = [i for i in np_arrays]\n",
    "    return array\n",
    "\n",
    "def create_list_files(target_format_in, path_in):\n",
    "\n",
    "    file_list = list()\n",
    "    for root, _, files in os.walk(path_in):\n",
    "        for curr_file in files:\n",
    "            if target_format_in in curr_file:\n",
    "                file_list.append(root + curr_file)\n",
    "    return file_list\n",
    "\n",
    "def get_df(image):\n",
    "    \n",
    "    values = []\n",
    "    for i in range(len(image)):\n",
    "        temp = image[i]\n",
    "        intens = (temp.sum(axis=0).sum(axis=0)/(temp.shape[0]*temp.shape[1]))/np.linalg.norm(temp.sum(axis=0).sum(axis=0)/(temp.shape[0]*temp.shape[1]), ord=None)\n",
    "        for channel in range(3):\n",
    "            channel_img = image[i][:,:,channel]\n",
    "            values.append(list((random.sample(range(6,25001),250)[i], channel,\n",
    "                                np.mean(channel_img),np.var(channel_img),\n",
    "                                skew(channel_img, None), kurtosis(channel_img, None),\n",
    "                                intens[channel],\n",
    "                                channel_img)))\n",
    "    \n",
    "    return pd.DataFrame(values, columns=columns)"
   ]
  },
  {
   "cell_type": "code",
   "execution_count": 7,
   "metadata": {},
   "outputs": [
    {
     "data": {
      "text/html": [
       "<div>\n",
       "<style scoped>\n",
       "    .dataframe tbody tr th:only-of-type {\n",
       "        vertical-align: middle;\n",
       "    }\n",
       "\n",
       "    .dataframe tbody tr th {\n",
       "        vertical-align: top;\n",
       "    }\n",
       "\n",
       "    .dataframe thead th {\n",
       "        text-align: right;\n",
       "    }\n",
       "</style>\n",
       "<table border=\"1\" class=\"dataframe\">\n",
       "  <thead>\n",
       "    <tr style=\"text-align: right;\">\n",
       "      <th></th>\n",
       "      <th>num</th>\n",
       "      <th>channel</th>\n",
       "      <th>matspod</th>\n",
       "      <th>disp</th>\n",
       "      <th>skew</th>\n",
       "      <th>kurt</th>\n",
       "      <th>intens</th>\n",
       "      <th>data</th>\n",
       "    </tr>\n",
       "  </thead>\n",
       "  <tbody>\n",
       "    <tr>\n",
       "      <th>0</th>\n",
       "      <td>18734</td>\n",
       "      <td>0</td>\n",
       "      <td>134.568189</td>\n",
       "      <td>2525.835218</td>\n",
       "      <td>-0.817604</td>\n",
       "      <td>0.171494</td>\n",
       "      <td>0.601467</td>\n",
       "      <td>[[183, 179, 173, 184, 186, 176, 182, 188, 186,...</td>\n",
       "    </tr>\n",
       "    <tr>\n",
       "      <th>1</th>\n",
       "      <td>17957</td>\n",
       "      <td>1</td>\n",
       "      <td>130.373950</td>\n",
       "      <td>2371.634465</td>\n",
       "      <td>-0.773348</td>\n",
       "      <td>0.328439</td>\n",
       "      <td>0.582720</td>\n",
       "      <td>[[175, 175, 170, 184, 183, 172, 175, 179, 180,...</td>\n",
       "    </tr>\n",
       "    <tr>\n",
       "      <th>2</th>\n",
       "      <td>3099</td>\n",
       "      <td>2</td>\n",
       "      <td>122.272839</td>\n",
       "      <td>2281.026196</td>\n",
       "      <td>-0.402445</td>\n",
       "      <td>0.014395</td>\n",
       "      <td>0.546511</td>\n",
       "      <td>[[164, 164, 163, 176, 176, 163, 167, 170, 180,...</td>\n",
       "    </tr>\n",
       "    <tr>\n",
       "      <th>3</th>\n",
       "      <td>24513</td>\n",
       "      <td>0</td>\n",
       "      <td>148.920867</td>\n",
       "      <td>5370.272907</td>\n",
       "      <td>-0.648852</td>\n",
       "      <td>-1.022441</td>\n",
       "      <td>0.665551</td>\n",
       "      <td>[[168, 153, 174, 182, 196, 177, 173, 195, 194,...</td>\n",
       "    </tr>\n",
       "    <tr>\n",
       "      <th>4</th>\n",
       "      <td>23095</td>\n",
       "      <td>1</td>\n",
       "      <td>120.893313</td>\n",
       "      <td>4520.612967</td>\n",
       "      <td>-0.058913</td>\n",
       "      <td>-1.192190</td>\n",
       "      <td>0.540291</td>\n",
       "      <td>[[164, 151, 167, 161, 190, 189, 175, 192, 196,...</td>\n",
       "    </tr>\n",
       "    <tr>\n",
       "      <th>...</th>\n",
       "      <td>...</td>\n",
       "      <td>...</td>\n",
       "      <td>...</td>\n",
       "      <td>...</td>\n",
       "      <td>...</td>\n",
       "      <td>...</td>\n",
       "      <td>...</td>\n",
       "      <td>...</td>\n",
       "    </tr>\n",
       "    <tr>\n",
       "      <th>745</th>\n",
       "      <td>8195</td>\n",
       "      <td>1</td>\n",
       "      <td>75.285376</td>\n",
       "      <td>2878.588769</td>\n",
       "      <td>0.991299</td>\n",
       "      <td>0.735074</td>\n",
       "      <td>0.586183</td>\n",
       "      <td>[[2, 2, 1, 2, 2, 3, 3, 2, 1, 4, 3, 4, 4, 6, 1,...</td>\n",
       "    </tr>\n",
       "    <tr>\n",
       "      <th>746</th>\n",
       "      <td>4115</td>\n",
       "      <td>2</td>\n",
       "      <td>57.879232</td>\n",
       "      <td>2493.230727</td>\n",
       "      <td>1.485446</td>\n",
       "      <td>2.420384</td>\n",
       "      <td>0.450656</td>\n",
       "      <td>[[7, 7, 6, 7, 7, 8, 8, 7, 6, 9, 8, 9, 9, 11, 6...</td>\n",
       "    </tr>\n",
       "    <tr>\n",
       "      <th>747</th>\n",
       "      <td>2836</td>\n",
       "      <td>0</td>\n",
       "      <td>56.880294</td>\n",
       "      <td>5754.387959</td>\n",
       "      <td>1.076984</td>\n",
       "      <td>-0.186359</td>\n",
       "      <td>0.282538</td>\n",
       "      <td>[[4, 4, 5, 5, 4, 5, 3, 3, 3, 3, 3, 4, 4, 4, 2,...</td>\n",
       "    </tr>\n",
       "    <tr>\n",
       "      <th>748</th>\n",
       "      <td>3026</td>\n",
       "      <td>1</td>\n",
       "      <td>128.570156</td>\n",
       "      <td>2699.907048</td>\n",
       "      <td>-0.024980</td>\n",
       "      <td>-0.535847</td>\n",
       "      <td>0.638639</td>\n",
       "      <td>[[21, 21, 22, 21, 22, 23, 23, 23, 25, 25, 25, ...</td>\n",
       "    </tr>\n",
       "    <tr>\n",
       "      <th>749</th>\n",
       "      <td>12211</td>\n",
       "      <td>2</td>\n",
       "      <td>144.096108</td>\n",
       "      <td>5724.139772</td>\n",
       "      <td>-0.645803</td>\n",
       "      <td>-1.044460</td>\n",
       "      <td>0.715760</td>\n",
       "      <td>[[41, 41, 42, 44, 46, 47, 48, 48, 49, 49, 49, ...</td>\n",
       "    </tr>\n",
       "  </tbody>\n",
       "</table>\n",
       "<p>750 rows × 8 columns</p>\n",
       "</div>"
      ],
      "text/plain": [
       "       num  channel     matspod         disp      skew      kurt    intens  \\\n",
       "0    18734        0  134.568189  2525.835218 -0.817604  0.171494  0.601467   \n",
       "1    17957        1  130.373950  2371.634465 -0.773348  0.328439  0.582720   \n",
       "2     3099        2  122.272839  2281.026196 -0.402445  0.014395  0.546511   \n",
       "3    24513        0  148.920867  5370.272907 -0.648852 -1.022441  0.665551   \n",
       "4    23095        1  120.893313  4520.612967 -0.058913 -1.192190  0.540291   \n",
       "..     ...      ...         ...          ...       ...       ...       ...   \n",
       "745   8195        1   75.285376  2878.588769  0.991299  0.735074  0.586183   \n",
       "746   4115        2   57.879232  2493.230727  1.485446  2.420384  0.450656   \n",
       "747   2836        0   56.880294  5754.387959  1.076984 -0.186359  0.282538   \n",
       "748   3026        1  128.570156  2699.907048 -0.024980 -0.535847  0.638639   \n",
       "749  12211        2  144.096108  5724.139772 -0.645803 -1.044460  0.715760   \n",
       "\n",
       "                                                  data  \n",
       "0    [[183, 179, 173, 184, 186, 176, 182, 188, 186,...  \n",
       "1    [[175, 175, 170, 184, 183, 172, 175, 179, 180,...  \n",
       "2    [[164, 164, 163, 176, 176, 163, 167, 170, 180,...  \n",
       "3    [[168, 153, 174, 182, 196, 177, 173, 195, 194,...  \n",
       "4    [[164, 151, 167, 161, 190, 189, 175, 192, 196,...  \n",
       "..                                                 ...  \n",
       "745  [[2, 2, 1, 2, 2, 3, 3, 2, 1, 4, 3, 4, 4, 6, 1,...  \n",
       "746  [[7, 7, 6, 7, 7, 8, 8, 7, 6, 9, 8, 9, 9, 11, 6...  \n",
       "747  [[4, 4, 5, 5, 4, 5, 3, 3, 3, 3, 3, 4, 4, 4, 2,...  \n",
       "748  [[21, 21, 22, 21, 22, 23, 23, 23, 25, 25, 25, ...  \n",
       "749  [[41, 41, 42, 44, 46, 47, 48, 48, 49, 49, 49, ...  \n",
       "\n",
       "[750 rows x 8 columns]"
      ]
     },
     "execution_count": 7,
     "metadata": {},
     "output_type": "execute_result"
    }
   ],
   "source": [
    "array = get_sample()\n",
    "df = get_df(array)\n",
    "df"
   ]
  },
  {
   "cell_type": "markdown",
   "metadata": {},
   "source": [
    "3. Побудувати вектори параметрів зображень, що складаються з: a. Математичних очікувань значень яскравості для кожного каналу кольору; b. Математичних очікувань і дисперсії значень яскравості для кожного каналу кольору; c. Математичних очікувань, дисперсії і коефіцієнта асиметрії значень яскравості для кожного каналу кольору; d. Математичних очікувань, дисперсії, коефіцієнтів асиметрії та ексцесу значень яскравості для кожного каналу кольору;\n",
    "4. Побудувати гаусові моделі зображень з використанням розрахованих раніше параметрів."
   ]
  },
  {
   "cell_type": "code",
   "execution_count": 8,
   "metadata": {},
   "outputs": [],
   "source": [
    "def get_vectors():\n",
    "    \n",
    "    ss = MinMaxScaler()\n",
    "    df1 = df[['matspod','disp','skew','kurt','intens']]\n",
    "    params = df1.columns\n",
    "    ss.fit(df1)\n",
    "    dfscal = pd.DataFrame(ss.transform(df1), columns=params)\n",
    "    std = np.array(dfscal.std())\n",
    "    cov = np.cov(dfscal.T)\n",
    "    diag = np.eye(5,5) * np.array(dfscal.var())\n",
    "    gauss_samples = np.random.multivariate_normal(std, diag, 750)\n",
    "    plt.figure(5)\n",
    "    plt.subplot('521')\n",
    "    plt.plot(gauss_samples[:, 0], dfscal['matspod'], '.')\n",
    "    plt.subplot('522')\n",
    "    plt.plot(gauss_samples[:, 1], dfscal['disp'], '.')\n",
    "    plt.subplot('523')\n",
    "    plt.plot(gauss_samples[:, 2], dfscal['skew'], '.')\n",
    "    plt.subplot('524')\n",
    "    plt.plot(gauss_samples[:, 3], dfscal['kurt'], '.')\n",
    "    plt.subplot('525')\n",
    "    plt.plot(gauss_samples[:, 4], dfscal['intens'], '.')\n",
    "    plt.show()\n",
    "    \n",
    "    print('normal')\n",
    "    pgauss = normal.pdf(gauss_samples, std, diag)\n",
    "    plt.figure(5)\n",
    "    plt.subplot('521')\n",
    "    plt.plot(gauss_samples[:, 0], pgauss, '.')\n",
    "    plt.subplot('522')\n",
    "    plt.plot(gauss_samples[:, 1], pgauss, '.')\n",
    "    plt.subplot('523')\n",
    "    plt.plot(gauss_samples[:, 2], pgauss, '.')\n",
    "    plt.subplot('524')\n",
    "    plt.plot(gauss_samples[:, 3], pgauss, '.')\n",
    "    plt.subplot('525')\n",
    "    plt.plot(gauss_samples[:, 4], pgauss, '.')\n",
    "    plt.show()\n",
    "    \n",
    "    print('representation of the lower dimension')\n",
    "    plt.plot(gauss_samples, pgauss) \n",
    "    plt.show()"
   ]
  },
  {
   "cell_type": "code",
   "execution_count": 51,
   "metadata": {},
   "outputs": [],
   "source": [
    "def get_gauss_model():\n",
    "    file_list_rand = create_list_files(target_format_in='.jpg',\n",
    "                                  path_in='.../downloads/mirflickr/')\n",
    "    RGB = {'RED': 0,\n",
    "       'GREEN': 1,\n",
    "       'BLUE': 2}\n",
    "    data = {}\n",
    "    for name, num in RGB.items():\n",
    "\n",
    "        RGB[name] = {'matspod': [],\n",
    "                     'disp': [],\n",
    "                     'skew': [],\n",
    "                     'kurt': []}\n",
    "\n",
    "        data[name] = pd.DataFrame()\n",
    "        for image_name in file_list_rand[:250]:\n",
    "            image = np.array(Image.open(image_name))\n",
    "            a = image[ :, num].ravel()\n",
    "            df = {'name': image_name.split('/')[-1],\n",
    "                 'matspod': np.mean(a),\n",
    "                 'disp': np.var(a),\n",
    "                 'skewness': scipy.stats.skew(a),\n",
    "                 'kurtosis': scipy.stats.kurtosis(a)}\n",
    "\n",
    "            data[name] = pd.concat([data[name], pd.DataFrame(pd.DataFrame(df, index=[0, ]))], ignore_index=True)\n",
    "\n",
    "            RGB[name]['matspod'].append(round(df['matspod'], 3))\n",
    "            RGB[name]['disp'].append(round(df['disp'], 3))\n",
    "            RGB[name]['skew'].append(round(df['skewness'], 3))\n",
    "            RGB[name]['kurt'].append(round(df['kurtosis'], 3))\n",
    "    mean_g_v = np.cov(np.vstack((RGB['RED']['matspod'], RGB['GREEN']['matspod'], RGB['BLUE']['matspod'])))\n",
    "    print('Gauss_mean:\\n')\n",
    "    print(mean_g_v)\n",
    "\n",
    "    mean_var_g_v = np.cov(np.vstack((RGB['RED']['matspod'], RGB['GREEN']['matspod'], RGB['BLUE']['matspod'],\n",
    "                                   RGB['RED']['disp'], RGB['GREEN']['disp'], RGB['BLUE']['disp'])))\n",
    "    print('Gauss_mean_var:\\n')\n",
    "    print(mean_var_g_v)\n",
    "\n",
    "\n",
    "    print('Gauss_mean__var_skew:\\n')\n",
    "    mean_var_skew_g_v = np.cov(np.vstack((RGB['RED']['matspod'], RGB['GREEN']['matspod'], RGB['BLUE']['matspod'],\n",
    "                                        RGB['RED']['disp'], RGB['GREEN']['disp'], RGB['BLUE']['disp'],\n",
    "                                        RGB['RED']['skew'], RGB['GREEN']['skew'], RGB['BLUE']['skew'])))\n",
    "    print(mean_var_skew_g_v)\n",
    "\n",
    "    print('Gauss_mean_var_skew_kurt:\\n')\n",
    "    mean_var_skew_kurt_g_v = np.cov(np.vstack((RGB['RED']['matspod'], RGB['GREEN']['matspod'], RGB['BLUE']['matspod'],\n",
    "                                             RGB['RED']['disp'], RGB['GREEN']['disp'], RGB['BLUE']['disp'],\n",
    "                                             RGB['RED']['skew'], RGB['GREEN']['skew'], RGB['BLUE']['skew'],\n",
    "                                             RGB['RED']['kurt'], RGB['GREEN']['kurt'], RGB['BLUE']['kurt'])))\n",
    "    print(mean_var_skew_kurt_g_v)"
   ]
  },
  {
   "cell_type": "code",
   "execution_count": 52,
   "metadata": {},
   "outputs": [
    {
     "name": "stdout",
     "output_type": "stream",
     "text": [
      "Gauss_mean:\n",
      "\n",
      "[[3918.66686941 3786.31224707 3548.72645117]\n",
      " [3786.31224707 3813.07991787 3624.9474673 ]\n",
      " [3548.72645117 3624.9474673  3759.26464804]]\n",
      "Gauss_mean_var:\n",
      "\n",
      "[[3.91866687e+03 3.78631225e+03 3.54872645e+03 3.70874579e+04\n",
      "  3.62225328e+04 3.54610423e+04]\n",
      " [3.78631225e+03 3.81307992e+03 3.62494747e+03 3.58331734e+04\n",
      "  3.69360493e+04 3.66658749e+04]\n",
      " [3.54872645e+03 3.62494747e+03 3.75926465e+03 3.44899833e+04\n",
      "  3.50970493e+04 3.55117810e+04]\n",
      " [3.70874579e+04 3.58331734e+04 3.44899833e+04 6.65039020e+06\n",
      "  6.61059161e+06 6.51629653e+06]\n",
      " [3.62225328e+04 3.69360493e+04 3.50970493e+04 6.61059161e+06\n",
      "  6.68374719e+06 6.58442902e+06]\n",
      " [3.54610423e+04 3.66658749e+04 3.55117810e+04 6.51629653e+06\n",
      "  6.58442902e+06 6.59311495e+06]]\n",
      "Gauss_mean__var_skew:\n",
      "\n",
      "[[ 3.91866687e+03  3.78631225e+03  3.54872645e+03  3.70874579e+04\n",
      "   3.62225328e+04  3.54610423e+04 -6.25323166e+01 -5.84186300e+01\n",
      "  -4.84536850e+01]\n",
      " [ 3.78631225e+03  3.81307992e+03  3.62494747e+03  3.58331734e+04\n",
      "   3.69360493e+04  3.66658749e+04 -6.22017744e+01 -6.52827843e+01\n",
      "  -5.40265607e+01]\n",
      " [ 3.54872645e+03  3.62494747e+03  3.75926465e+03  3.44899833e+04\n",
      "   3.50970493e+04  3.55117810e+04 -5.22352708e+01 -7.56431184e+01\n",
      "  -6.50036485e+01]\n",
      " [ 3.70874579e+04  3.58331734e+04  3.44899833e+04  6.65039020e+06\n",
      "   6.61059161e+06  6.51629653e+06 -9.88051882e+01  4.92035696e+01\n",
      "  -4.65855972e+01]\n",
      " [ 3.62225328e+04  3.69360493e+04  3.50970493e+04  6.61059161e+06\n",
      "   6.68374719e+06  6.58442902e+06 -1.16298724e+02  3.65066613e+01\n",
      "  -6.05187104e+01]\n",
      " [ 3.54610423e+04  3.66658749e+04  3.55117810e+04  6.51629653e+06\n",
      "   6.58442902e+06  6.59311495e+06 -8.06627772e+01  6.79999857e+00\n",
      "  -8.78434881e+01]\n",
      " [-6.25323166e+01 -6.22017744e+01 -5.22352708e+01 -9.88051882e+01\n",
      "  -1.16298724e+02 -8.06627772e+01  4.18728006e+00  3.40955508e+00\n",
      "   2.87227644e+00]\n",
      " [-5.84186300e+01 -6.52827843e+01 -7.56431184e+01  4.92035696e+01\n",
      "   3.65066613e+01  6.79999857e+00  3.40955508e+00  5.34668816e+00\n",
      "   4.37094635e+00]\n",
      " [-4.84536850e+01 -5.40265607e+01 -6.50036485e+01 -4.65855972e+01\n",
      "  -6.05187104e+01 -8.78434881e+01  2.87227644e+00  4.37094635e+00\n",
      "   3.88767331e+00]]\n",
      "Gauss_mean_var_skew_kurt:\n",
      "\n",
      "[[ 3.91866687e+03  3.78631225e+03  3.54872645e+03  3.70874579e+04\n",
      "   3.62225328e+04  3.54610423e+04 -6.25323166e+01 -5.84186300e+01\n",
      "  -4.84536850e+01  6.47254640e+01  1.25543036e+02  9.68016257e+00]\n",
      " [ 3.78631225e+03  3.81307992e+03  3.62494747e+03  3.58331734e+04\n",
      "   3.69360493e+04  3.66658749e+04 -6.22017744e+01 -6.52827843e+01\n",
      "  -5.40265607e+01  7.95051485e+01  1.67927158e+02  2.51666723e+01]\n",
      " [ 3.54872645e+03  3.62494747e+03  3.75926465e+03  3.44899833e+04\n",
      "   3.50970493e+04  3.55117810e+04 -5.22352708e+01 -7.56431184e+01\n",
      "  -6.50036485e+01  1.80370026e+02  2.39423505e+02  9.65222285e+01]\n",
      " [ 3.70874579e+04  3.58331734e+04  3.44899833e+04  6.65039020e+06\n",
      "   6.61059161e+06  6.51629653e+06 -9.88051882e+01  4.92035696e+01\n",
      "  -4.65855972e+01 -1.20348921e+04 -1.43090205e+04 -1.04567007e+04]\n",
      " [ 3.62225328e+04  3.69360493e+04  3.50970493e+04  6.61059161e+06\n",
      "   6.68374719e+06  6.58442902e+06 -1.16298724e+02  3.65066613e+01\n",
      "  -6.05187104e+01 -1.22352065e+04 -1.46672299e+04 -1.07173150e+04]\n",
      " [ 3.54610423e+04  3.66658749e+04  3.55117810e+04  6.51629653e+06\n",
      "   6.58442902e+06  6.59311495e+06 -8.06627772e+01  6.79999857e+00\n",
      "  -8.78434881e+01 -1.16178792e+04 -1.45471462e+04 -1.05831331e+04]\n",
      " [-6.25323166e+01 -6.22017744e+01 -5.22352708e+01 -9.88051882e+01\n",
      "  -1.16298724e+02 -8.06627772e+01  4.18728006e+00  3.40955508e+00\n",
      "   2.87227644e+00 -6.60169642e+00 -6.53546449e+00  2.39350449e+00]\n",
      " [-5.84186300e+01 -6.52827843e+01 -7.56431184e+01  4.92035696e+01\n",
      "   3.65066613e+01  6.79999857e+00  3.40955508e+00  5.34668816e+00\n",
      "   4.37094635e+00 -1.51536988e+01 -2.52822302e+01 -8.19814996e+00]\n",
      " [-4.84536850e+01 -5.40265607e+01 -6.50036485e+01 -4.65855972e+01\n",
      "  -6.05187104e+01 -8.78434881e+01  2.87227644e+00  4.37094635e+00\n",
      "   3.88767331e+00 -1.07686372e+01 -1.50744306e+01 -4.13640714e+00]\n",
      " [ 6.47254640e+01  7.95051485e+01  1.80370026e+02 -1.20348921e+04\n",
      "  -1.22352065e+04 -1.16178792e+04 -6.60169642e+00 -1.51536988e+01\n",
      "  -1.07686372e+01  5.13133767e+02  5.58681105e+02  3.93954847e+02]\n",
      " [ 1.25543036e+02  1.67927158e+02  2.39423505e+02 -1.43090205e+04\n",
      "  -1.46672299e+04 -1.45471462e+04 -6.53546449e+00 -2.52822302e+01\n",
      "  -1.50744306e+01  5.58681105e+02  9.59234199e+02  5.60678834e+02]\n",
      " [ 9.68016257e+00  2.51666723e+01  9.65222285e+01 -1.04567007e+04\n",
      "  -1.07173150e+04 -1.05831331e+04  2.39350449e+00 -8.19814996e+00\n",
      "  -4.13640714e+00  3.93954847e+02  5.60678834e+02  3.88570502e+02]]\n"
     ]
    }
   ],
   "source": [
    "get_gauss_model()"
   ]
  },
  {
   "cell_type": "code",
   "execution_count": 44,
   "metadata": {},
   "outputs": [
    {
     "data": {
